740
432
120
765
435
721
377
711
692
743
854
145
436
820
57
549
841
261
243
138
401
598
260
466
298
119
360
737
116
753
434
686
810
713
425
137
747
477
641
436
342
788
235
198
139
595
655
786
779
430
240
209
105
613
721
255
137
174
384
407
745
135
641
745
554
138
285
383
466
87
591
610
721
417
932
503
646
447
596
316
206
913
287
743
488
269
400
178
569
595
455
104
666
285
264
132
279
280
678
160
483
112
228
825
724
688
701
463
145
657
528
406
482
480
752
898
713
873
552
476
663
578
88
316
141
623
862
161
611
695
882
115
373
602
457
447
698
174
664
647
755
841
165
612
170
148
150
426
632
315
499
595
479
237
588
415
636
321
331
555
88
612
202
693
412
592
654
251
503
168
728
194
235
633
596
628
653
678
632
688
398
821
842
216
708
242
453
479
347
3
141
431
653
513
625
347
327
282
222
160
815
557
810
470
405
622
531
685
684
360
854
219
643
275
767
275
475
607
318
415
532
745
163
794
489
173
237
744
605
324
708
313
628
89
472
684
355
414
305
316
454
825
482
857
691
697
157
226
169
914
521
17
136
106
784
678
268
352
454
338
795
297
501
353
470
18
209
700
591
518
737
539
327
908
391
555
453
515
423
731
550
717
403
351
527
168
111
651
442
737
409
287
641
83
118
153
490
517
488
28
230
418
232
649
343
747
362
712
807
809
175
294
376
702
713
689
391
195
4
983
714
630
263
371
150
504
556
724
200
116
917
250
579
731
274
378
285
380
372
608
677
220
149
216
713
734
591
145
355
208
709
315
215
372
729
458
686
448
913
629
294
439
732
470
581
925
839
335
551
280
403
896
98
300
878
262
501
292
385
258
716
613
224
554
391
235
670
251
355
659
581
123
938
313
170
201
624
152
590
416
701
272
773
77
551
723
666
343
471
239
505
633
180
680
493
294
554
341
504
598
360
711
667
596
273
116
304
705
762
644
738
442
443
544
694
145
128
828
585
506
180
457
606
806
639
722
564
92
664
916
251
597
591
326
324
470
411
177
418
315
603
495
695
289
382
721
315
647
584
430
215
748
314
718
337
857
580
962
666
112
911
155
700
460
766
313
794
711
319
782
315
365
638
358
368
290
329
567
156
292
367
131
290
624
287
378
40
487
759
337
753
649
556
596
258
299
652
319
664
936
272
428
651
957
528
521
621
637
320
544
657
88
293
127
252
382
324
149
381
528
349
562
126
685
159
564
685
419
530
537
250
667
388
378
630
274
112
886
701
724
132
713
935
93
822
104
239
772
120
744
219
425
352
690
597
490
751
142
631
298
107
559
588
441
472
633
619
865
88
461
598
181
440
184
228
749
677
687
260
152
554
622
663
543
158
801
871
368
387
79
426
712
230
659
714
366
399
665
568
556
683
212
331
442
415
378
336
634
520
358
624
193
327
90
804
110
293
655
697
115
534
838
593
191
316
505
241
557
635
649
248
669
684
442
385
694
441
220
299
609
810
778
786
684
827
568
239
105
749
267
660
927
769
428
389
114
336
289
329
391
921
76
579
535
507
269
309
697
724
450
391
926
674
154
92
450
165
123
428
574
476
505
722
720
548
173
592
498
507
483
798
669
580
762
619
485
585
66
241
0
248
499
420
973
536
206
807
614
656
702
628
354
414
359
461
245
162
428
656
713
453
466
497
416
241
345
376
171
902
375
364
363
666
651
556
352
426
534
854
72
279
479
681
908
108
303
409
958
93
396
477
469
455
810
310
554
215
361
641
442
602
731
266
442
285
618
799
520
549
627
164
271
455
707
717
678
228
811
311
187
477
516
153
788
315
193
374
660
304
472
666
353
362
632
445
463
653
262
715
344
459
450
500
694
798
247
352
219
212
376
521
482
102
799
719
112
633
585
542
633
617
367
395
407
129
852
710
648
631
236
105
115
689
439
597
252
704
604
304
622
326
717
607
480
778
653
823
635
636
604
726
120
792
816
625
553
749
164
609
692
779
284
684
198
382
711
156
713
717
473
743
386
826
798
290
658
886
393
595
272
813
626
363
675
77
197
596
652
443
279
417
248
188
684
520
639
442
811
576
585
89
659
