383
222
226
278
234
188
165
209
146
186
285
255
145
307
169
215
240
186
157
102
93
131
201
154
91
328
181
158
186
249
90
201
130
109
133
147
193
126
110
106
250
137
201
112
188
174
226
112
191
173
134
209
157
109
197
168
120
169
229
212
115
128
464
120
122
196
178
137
204
108
135
187
135
126
235
150
230
152
156
181
108
243
133
127
201
141
219
361
111
78
183
166
140
212
147
175
148
116
175
146
169
182
179
135
164
133
139
168
168
124
192
147
179
153
180
216
167
157
208
152
98
138
147
238
155
119
213
216
124
185
217
132
178
185
86
126
181
129
119
164
157
146
207
123
108
161
167
186
130
179
170
140
239
163
316
138
151
118
160
106
210
113
171
164
188
129
203
147
141
213
225
303
95
190
223
116
119
109
138
188
197
99
169
184
151
186
149
141
215
146
113
231
219
109
233
163
111
156
147
114
279
130
174
203
122
191
206
211
138
109
173
119
210
156
145
149
175
190
181
152
186
118
135
129
125
170
235
190
179
150
131
173
105
142
205
117
164
447
159
253
167
109
199
117
132
155
181
197
121
211
126
103
167
127
117
214
151
376
130
148
163
96
151
163
137
179
105
218
100
131
132
150
138
169
160
197
197
159
113
263
120
99
173
143
148
147
212
188
140
212
168
129
247
172
167
175
153
171
210
162
284
135
156
157
113
191
215
222
234
125
221
169
172
166
184
85
108
139
117
197
162
118
242
211
157
136
157
305
113
145
159
112
127
200
148
142
149
149
144
165
123
132
125
241
128
151
129
168
108
337
165
106
147
111
122
153
230
132
105
108
245
119
155
138
157
156
147
86
170
122
237
216
208
157
144
207
199
118
186
148
104
229
154
213
151
146
141
200
137
132
201
134
121
151
121
91
210
131
162
104
125
216
125
144
146
283
219
145
147
209
191
160
149
169
134
179
216
145
210
113
121
143
181
177
160
128
221
88
164
173
145
164
132
158
166
145
268
271
428
167
290
151
147
197
161
353
133
182
213
158
241
129
170
254
219
146
165
227
302
154
177
292
287
355
221
262
352
278
279
181
440
378
209
313
208
235
192
117
217
225
259
205
234
239
347
203
375
395
365
261
187
238
208
312
146
236
434
376
168
333
219
530
303
333
119
160
430
230
198
192
318
337
248
303
432
189
202
364
149
306
200
276
268
338
183
242
264
228
228
235
286
189
189
230
319
186
351
217
214
202
612
219
292
344
418
342
204
264
351
209
305
201
192
213
208
395
343
283
471
261
173
255
193
429
309
284
410
352
305
200
205
168
294
217
334
164
252
254
348
220
479
214
203
252
409
188
236
142
300
299
299
228
236
194
204
279
130
307
230
251
165
163
217
139
125
296
181
459
348
202
281
175
404
167
184
260
156
249
201
261
168
226
277
227
197
406
267
195
206
212
227
264
168
172
241
166
204
155
150
162
209
152
138
177
236
133
318
158
206
367
130
213
170
170
165
222
145
174
268
133
200
230
250
223
176
134
205
450
247
144
116
301
214
169
172
192
186
238
191
191
189
185
231
132
246
111
366
142
198
130
140
186
134
242
153
350
224
219
308
112
144
212
181
256
83
143
170
142
247
172
191
256
167
198
133
100
215
174
162
104
205
188
127
276
207
141
134
139
216
165
198
172
234
173
249
191
241
139
174
265
151
143
257
157
200
199
169
119
163
205
271
205
159
233
158
179
150
200
242
155
147
285
166
192
93
145
208
436
138
171
190
145
134
109
185
261
124
244
120
272
139
298
155
259
147
206
158
191
182
161
224
383
118
254
178
216
195
160
360
227
206
131
200
187
211
226
126
327
174
168
155
252
120
259
129
151
257
116
168
705
117
186
95
126
179
150
190
132
199
165
118
219
155
150
176
255
89
113
168
113
108
277
115
351
119
113
154
158
237
224
199
207
258
121
277
142
209
171
107
226
290
183
106
126
273
209
127
256
164
135
155
193
126
172
141
226
146
204
165
154
209
146
198
141
199
146
273
217
93
119
134
152
176
145
196
309
158
194
158
181
119
167
177
184
235
201
384
254
187
165
132
320
484
276
222
127
273
262
127
187
158
149
274
140
190
162
137
198
251
193
156
189
120
226
271
199
151
97
192
178
363
134
284
196
214
181
228
173
179
151
182
166
162
201
195
203
310
135
207
137
177
186
211
168
265
171
133
190
141
167
160
181
181
130
132
101
149
237
243
182
134
95
178
202
163
191
189
135
214
180
165
149
137
177
175
139
187
122
306
189
215
303
223
316
187
177
205
118
160
173
129
168
181
251
154
190
196
116
304
151
212
152
224
463
173
143
158
241
177
153
138
179
226
168
251
172
152
300
150
152
167
178
215
233
183
151
204
106
289
223
222
115
171
222
235
132
152
246
236
781
225
185
110
248
169
177
142
221
130
156
132
152
207
135
124
301
143
167
178
373
208
164
255
157
188
318
172
214
175
218
199
175
141
226
199
124
126
175
141
138
192
88
103
236
189
243
127
198
182
332
145
109
148
115
173
149
198
464
219
178
145
251
127
223
259
154
132
116
134
189
120
173
231
166
171
216
158
132
128
132
187
202
175
238
137
156
203
166
228
148
217
99
122
208
216
230
136
278
139
494
192
421
173
259
135
178
125
113
152
160
151
120
129
160
130
122
213
248
172
148
129
221
116
133
179
131
161
157
122
212
143
143
240
119
213
208
131
213
175
244
225
197
190
121
212
109
165
192
93
166
183
290
183
159
115
133
341
135
135
144
126
238
154
150
205
161
197
195
270
131
198
141
108
251
108
215
168
169
223
169
129
186
231
111
150
163
232
165
156
167
129
232
178
204
250
105
213
111
236
80
139
134
157
178
170
342
110
309
150
146
520
268
120
105
167
140
130
142
119
148
162
150
203
196
179
135
161
156
152
114
243
206
151
251
144
174
123
140
223
169
196
124
141
296
122
201
155
202
206
129
219
210
229
194
200
132
142
142
137
122
168
194
207
170
164
212
220
182
322
164
215
181
231
122
284
154
166
188
137
242
354
330
241
360
199
204
178
197
135
136
92
123
134
195
248
514
271
129
174
155
131
334
115
179
154
267
233
181
144
117
239
157
112
225
95
204
170
203
173
145
325
203
114
161
146
156
268
131
150
169
251
168
268
142
128
212
130
158
222
209
152
178
195
163
192
98
191
176
136
145
177
245
