253
299
457
456
511
363
238
142
689
86
226
152
266
92
375
383
81
157
489
546
771
141
386
144
536
383
98
68
347
585
115
697
233
578
544
112
87
559
74
93
786
99
138
573
545
100
343
265
564
137
553
318
93
105
330
420
512
254
473
580
509
526
209
337
473
530
595
172
114
120
261
594
593
474
141
460
85
688
416
128
470
339
264
173
486
600
229
406
691
623
550
606
556
533
295
303
642
553
323
194
139
131
176
420
463
559
520
914
546
325
402
285
730
260
495
187
63
404
627
134
215
672
208
280
561
124
87
147
146
217
308
961
516
577
725
337
133
419
431
411
140
488
77
223
328
473
313
165
78
271
338
116
170
171
97
719
122
523
491
637
148
155
411
113
558
111
661
83
341
259
164
825
489
176
88
157
103
124
142
251
207
221
98
75
291
389
224
127
153
171
543
156
393
638
253
141
176
586
269
80
665
70
698
711
123
236
111
721
147
285
204
546
459
465
142
639
566
555
192
328
229
115
445
327
229
421
184
284
179
316
83
667
159
166
686
152
107
282
89
545
794
407
493
332
144
106
851
188
341
885
824
690
178
75
351
211
215
140
736
584
392
432
449
524
487
280
91
187
260
435
96
350
73
378
159
535
691
282
177
386
383
480
158
483
128
172
121
131
596
121
510
316
524
772
292
577
81
399
295
285
867
170
169
341
511
523
205
369
257
707
149
433
88
96
211
438
213
72
157
235
300
210
76
77
613
555
378
136
158
95
216
869
316
76
212
411
186
314
166
115
366
134
284
161
236
91
293
286
615
616
183
561
166
583
212
390
78
158
191
202
654
733
338
611
129
156
105
184
658
666
501
513
586
172
598
492
376
459
677
388
600
602
630
655
334
482
103
601
124
505
573
93
671
586
693
331
464
129
530
130
110
123
109
242
598
367
197
495
163
171
292
334
486
237
269
85
90
270
483
163
435
750
539
561
130
87
203
469
489
114
723
136
174
671
149
531
454
486
724
275
656
77
147
304
415
289
533
678
373
444
185
525
330
537
335
440
618
535
694
438
604
78
241
303
414
302
119
178
721
516
195
570
613
94
188
382
636
570
511
108
214
112
117
98
711
445
90
217
200
221
174
104
114
438
91
424
159
309
342
624
448
211
378
101
120
163
122
146
342
375
470
435
585
185
325
222
305
754
208
48
213
207
191
121
172
140
507
249
543
456
634
643
400
141
417
730
515
115
495
302
508
118
530
296
536
856
182
203
115
131
635
206
235
346
129
599
429
617
196
530
532
538
353
114
729
608
632
363
445
104
80
305
138
504
241
509
506
169
654
495
358
133
152
142
581
689
581
108
866
494
152
164
927
467
109
496
140
534
419
307
491
415
316
366
318
471
123
151
528
146
243
94
504
296
592
162
569
387
547
959
669
174
115
817
388
159
550
472
353
196
294
424
578
630
148
335
337
363
489
158
129
424
306
124
404
101
203
131
353
343
351
324
468
482
162
395
658
126
593
120
253
580
624
182
393
351
687
261
76
154
206
293
158
119
600
129
74
254
517
543
508
322
567
429
199
538
327
224
148
224
514
169
148
330
154
434
186
266
229
505
78
704
107
117
763
78
187
364
585
225
193
113
179
554
203
499
340
415
216
620
178
514
580
646
356
463
847
525
543
605
220
732
274
553
482
121
349
93
565
484
357
322
596
639
495
200
541
119
433
312
258
530
87
101
589
214
177
79
552
590
622
246
505
638
380
146
644
184
546
202
552
241
289
97
134
263
325
216
164
198
113
353
489
609
710
276
540
272
134
546
107
279
590
516
474
208
356
375
465
221
809
161
394
149
299
460
413
105
532
340
507
662
519
380
152
174
359
121
515
236
746
350
401
399
124
398
74
279
259
335
374
247
345
381
195
135
553
107
523
441
130
97
295
104
119
86
460
170
277
77
280
346
515
639
107
667
186
130
384
83
563
204
482
111
684
257
159
444
333
201
565
100
157
95
446
118
359
103
623
457
312
441
591
319
211
162
574
225
176
393
610
189
291
192
651
417
311
87
564
119
315
509
490
803
177
184
326
406
89
296
600
220
203
115
548
553
201
362
539
609
139
986
113
549
94
554
190
581
157
324
292
646
182
364
117
355
83
576
136
326
110
222
80
833
526
869
183
206
447
496
586
429
357
526
132
563
572
207
85
162
372
391
130
519
92
185
209
357
335
544
211
143
500
714
427
484
184
321
85
127
800
386
264
278
201
505
576
399
362
83
213
442
600
627
189
402
141
146
520
72
809
353
83
92
552
368
124
326
443
520
530
568
803
324
365
435
437
387
547
595
503
157
106
177
552
203
185
162
455
397
566
88
28
85
303
174
198
390
66
529
213
87
248
90
421
297
534
234
770
621
106
433
222
587
286
349
103
747
307
718
141
210
146
448
86
269
548
194
132
118
918
352
103
265
88
333
345
324
134
246
209
563
83
128
239
90
128
329
161
148
584
882
93
519
452
666
613
666
613
69
565
100
130
562
579
528
97
94
530
464
526
458
130
291
398
208
415
307
136
622
264
648
146
400
149
516
620
76
222
570
440
229
119
240
98
131
687
83
170
333
597
118
768
323
319
272
320
28
141
113
241
111
155
342
360
245
358
132
644
633
187
107
270
512
510
473
334
205
122
109
146
281
122
181
382
628
150
73
540
215
117
699
493
343
302
744
153
313
670
231
258
642
170
462
491
113
157
236
194
106
491
368
118
350
220
542
173
149
206
555
556
241
84
157
470
84
928
151
80
328
126
114
450
237
324
463
164
541
155
96
453
91
103
156
257
324
146
493
210
442
127
287
619
441
281
482
170
655
189
564
702
101
647
271
359
535
341
70
636
214
271
72
622
141
622
315
603
406
349
137
691
368
624
885
362
96
626
80
78
150
757
602
210
168
84
836
435
160
576
310
205
581
327
477
262
517
405
571
388
356
271
175
89
267
593
357
264
984
665
235
308
83
300
323
102
140
80
221
206
129
241
134
193
199
803
100
366
88
566
508
537
540
526
513
206
406
361
209
185
506
544
168
161
979
360
264
569
254
177
101
510
837
242
292
165
700
509
124
274
149
141
158
387
514
238
575
334
526
306
359
852
129
199
404
153
299
198
594
289
172
324
494
277
121
82
89
379
331
575
110
281
445
177
140
309
521
519
578
242
321
160
204
415
686
167
134
546
293
603
128
181
381
152
148
80
90
406
174
148
264
93
90
147
614
303
95
235
356
773
434
386
86
504
125
194
325
349
558
139
560
143
499
352
571
232
197
457
296
622
701
113
109
606
172
554
424
120
315
78
433
194
389
375
190
793
472
314
182
158
171
324
715
527
357
198
117
217
486
245
288
294
540
302
89
206
611
372
135
698
551
700
332
394
617
92
203
134
91
218
269
576
474
510
479
120
144
542
313
336
339
696
153
128
398
138
129
127
463
822
100
118
307
305
710
108
148
657
417
540
172
121
130
427
431
150
506
71
127
403
345
321
679
475
149
269
595
155
175
634
113
554
608
552
85
228
144
558
648
805
98
656
391
248
614
225
363
275
423
143
585
406
614
695
211
79
160
93
175
134
279
567
625
506
412
489
561
125
279
463
698
576
741
76
234
655
186
252
683
595
520
291
144
656
97
205
342
158
196
211
90
899
723
593
568
262
675
503
522
142
87
734
159
567
124
163
129
162
255
161
105
533
671
119
252
364
172
579
388
347
130
79
196
86
515
589
105
95
479
163
259
389
327
734
134
131
91
643
122
86
234
251
190
339
141
219
289
247
136
89
624
176
179
105
946
352
499
685
501
254
78
479
86
471
435
172
477
147
364
102
129
294
390
195
355
324
708
295
437
592
431
167
733
106
452
211
172
376
435
357
470
371
79
311
421
487
313
102
233
381
194
355
756
600
82
209
101
379
439
466
665
262
305
229
728
534
301
555
313
123
366
316
235
400
459
264
294
793
452
470
464
207
327
114
413
575
184
649
453
254
713
335
534
293
85
891
272
203
70
374
152
661
107
997
392
629
465
131
618
395
712
224
759
212
152
280
219
490
515
536
271
275
614
504
188
399
635
183
228
537
111
194
280
580
836
388
427
198
167
189
210
264
371
118
553
178
88
584
339
293
576
105
649
139
777
130
162
551
154
619
182
140
219
577
416
527
568
683
130
298
581
516
324
701
147
94
442
706
568
14
295
286
204
451
230
261
539
540
180
708
441
271
117
540
512
347
357
128
184
296
99
624
117
482
535
594
148
607
568
699
339
271
86
162
310
108
522
254
518
355
700
281
480
210
513
536
134
159
114
692
123
128
613
311
369
196
129
231
552
553
551
128
555
628
155
87
708
588
141
466
752
517
866
883
302
413
145
185
447
645
381
631
579
193
238
360
453
511
399
531
539
104
308
316
312
331
180
270
249
264
527
295
240
198
638
388
599
670
121
623
236
243
568
397
861
261
767
187
84
383
192
367
78
409
645
508
111
226
390
334
267
317
550
639
85
915
621
125
676
542
617
265
513
783
672
580
170
660
245
584
335
135
297
297
537
271
552
396
526
369
669
84
206
196
307
207
657
638
112
238
646
83
270
83
402
305
640
409
600
102
207
348
520
344
88
98
150
261
490
785
274
355
230
451
536
181
204
312
243
331
295
533
137
950
180
439
149
358
386
275
100
95
367
373
249
425
672
362
133
636
616
398
177
398
224
400
253
100
703
183
570
589
824
252
643
247
559
625
568
607
548
120
621
141
123
525
511
524
574
368
254
344
437
611
244
805
338
86
561
559
164
231
540
453
350
148
434
388
491
180
891
87
199
127
321
690
153
150
496
520
151
458
124
554
359
331
149
273
225
236
91
216
141
173
737
315
107
181
586
260
452
107
149
567
290
486
98
944
218
824
539
500
398
323
503
237
147
487
508
411
476
292
110
335
497
257
315
128
563
719
139
130
215
548
147
74
499
375
544
205
251
665
172
375
179
365
261
550
208
232
621
94
489
620
320
390
386
206
105
848
104
184
461
522
575
93
99
207
165
204
663
115
136
640
121
666
804
471
257
626
404
251
302
346
219
113
239
524
395
301
319
561
297
93
377
126
530
85
154
691
787
577
268
389
520
445
483
947
653
238
704
450
92
238
91
709
386
378
574
300
448
630
622
805
373
325
208
96
453
326
84
351
278
424
162
637
521
786
487
411
629
209
555
161
151
712
108
468
251
529
152
644
104
348
280
544
390
375
384
181
99
130
129
78
151
142
149
396
397
513
141
434
210
199
134
659
324
153
175
119
488
135
678
94
193
393
288
66
157
74
185
323
586
230
415
88
615
116
461
222
603
735
613
196
668
614
179
252
111
119
710
795
674
573
490
329
211
84
155
363
425
212
424
98
131
622
498
112
160
382
185
88
117
330
424
738
315
496
124
607
576
273
198
612
156
548
548
555
357
686
566
119
740
217
232
370
275
460
147
130
658
228
406
172
573
532
626
371
184
438
617
315
369
467
134
793
182
122
862
251
707
783
294
433
351
674
599
224
162
599
916
238
155
675
178
422
674
413
539
373
391
82
367
124
682
233
176
412
290
120
340
503
530
314
428
392
173
311
642
364
647
175
308
551
191
236
333
262
187
305
84
335
590
136
373
108
408
691
297
166
146
107
620
167
186
258
261
197
263
319
532
502
543
599
311
409
214
817
121
724
296
140
552
91
422
449
345
244
363
799
232
281
3
603
492
863
486
208
124
517
318
145
280
430
150
373
858
607
237
691
548
229
551
590
187
570
653
86
398
322
644
278
575
673
219
101
402
612
538
138
508
156
348
610
557
774
365
217
571
272
426
553
134
573
124
599
550
117
277
481
605
558
451
382
109
430
629
295
143
705
335
620
366
391
238
443
135
640
171
713
744
230
214
565
114
364
350
400
291
128
108
362
843
148
112
613
117
217
661
635
515
610
79
445
658
173
673
480
154
84
195
602
476
281
559
110
826
140
141
478
212
552
552
75
101
227
95
541
126
170
522
365
646
82
162
460
110
819
182
325
253
435
230
385
120
123
213
673
602
709
133
286
479
376
327
440
576
577
368
135
143
585
372
575
553
257
184
191
232
414
108
261
260
309
179
133
498
592
142
642
542
448
605
339
573
721
524
188
333
94
352
106
563
232
270
219
273
274
275
153
918
264
214
186
231
191
362
302
121
358
215
564
305
863
303
533
433
834
211
409
564
651
87
305
364
126
249
250
108
161
290
248
666
578
593
598
596
141
314
343
748
653
76
188
292
510
633
479
440
342
107
265
754
337
602
683
124
115
681
469
705
549
519
235
176
197
237
559
442
497
299
592
103
335
495
492
673
270
280
354
129
721
182
112
615
76
359
407
244
228
356
110
113
328
330
231
108
238
561
125
214
653
308
590
945
604
189
517
436
168
714
342
212
672
844
120
552
206
549
88
257
394
568
447
356
106
190
476
216
533
633
262
577
570
242
262
115
189
84
178
419
617
91
578
113
146
551
681
87
163
199
108
207
609
446
709
389
288
649
235
455
251
701
70
104
265
468
187
213
294
418
116
200
153
243
146
99
231
775
194
185
160
164
112
212
644
745
99
90
228
771
230
209
650
116
202
72
573
80
144
213
856
448
166
94
733
337
353
600
101
326
629
724
201
369
537
637
227
436
132
699
474
628
456
658
446
199
119
547
203
631
569
524
696
249
480
96
542
521
249
782
201
327
491
246
745
83
284
374
572
372
98
569
532
559
112
122
250
146
249
107
538
369
90
124
132
150
184
343
644
637
569
335
616
499
359
214
600
192
162
166
594
534
479
113
203
120
411
504
260
459
364
165
229
193
196
805
314
280
123
144
439
217
545
208
116
647
501
566
360
187
823
560
220
83
180
421
490
132
274
127
496
282
314
652
611
720
121
150
627
331
141
644
407
204
307
73
156
212
566
182
590
512
227
124
585
405
446
106
521
252
155
100
361
458
557
592
194
569
802
620
94
156
397
322
588
266
561
397
601
376
247
122
140
489
674
177
641
614
409
737
601
604
602
358
413
607
177
664
175
341
102
400
498
234
139
253
155
159
523
171
174
484
319
434
557
140
809
396
575
426
95
695
214
385
121
226
702
217
110
480
375
108
634
122
122
356
316
494
10
668
170
140
148
720
466
745
134
645
178
215
222
671
581
580
257
375
413
790
119
234
148
248
231
277
86
216
475
643
560
521
868
498
266
218
173
829
276
149
650
234
285
705
312
341
434
127
191
505
594
951
399
226
270
182
533
174
321
251
170
204
265
496
355
458
715
663
613
187
117
234
118
150
657
257
378
337
470
174
631
428
147
345
87
522
634
651
693
111
975
576
541
141
173
721
732
382
113
225
420
357
323
487
287
260
433
737
386
216
400
225
201
143
264
568
443
109
363
308
587
272
545
964
257
426
549
257
535
331
91
424
667
325
455
199
418
487
589
445
399
645
211
281
354
589
304
161
557
471
269
623
180
799
514
921
240
193
333
287
159
255
669
120
150
276
234
648
118
385
78
117
102
622
574
322
475
336
162
637
347
601
570
712
149
175
172
707
140
315
246
463
240
411
91
238
121
512
133
279
201
532
80
158
430
365
475
223
818
693
551
236
756
640
281
289
289
584
408
692
145
673
445
262
624
163
104
305
425
460
187
608
27
444
376
338
539
169
581
403
235
107
295
223
175
399
308
494
519
188
112
325
215
269
733
191
281
358
800
193
573
322
548
102
140
143
582
202
649
578
214
134
208
191
155
412
453
166
377
375
223
88
188
278
526
382
302
492
70
688
689
94
594
278
647
188
508
228
369
360
636
411
284
238
261
521
639
580
595
469
58
437
292
770
451
242
227
243
253
130
420
94
127
351
587
194
144
143
240
675
92
116
919
108
199
450
583
196
887
76
290
499
690
625
643
250
752
503
131
423
455
238
546
132
513
129
447
183
91
165
143
220
450
645
375
233
375
176
156
739
187
619
127
638
655
438
250
285
126
226
357
369
378
202
381
86
643
332
484
608
231
207
180
187
154
473
635
361
182
359
694
411
147
240
549
238
224
736
424
288
515
390
383
571
563
91
153
122
88
224
389
155
89
210
273
242
739
630
600
831
256
190
863
228
112
653
210
235
354
529
142
600
516
574
630
650
644
242
221
191
333
135
438
132
404
127
622
555
368
240
546
306
275
551
339
466
208
122
196
97
187
571
116
542
445
324
235
691
515
449
134
642
429
562
496
397
549
138
591
806
570
123
593
242
658
647
126
192
132
736
534
477
703
620
127
270
142
542
189
7
93
700
520
507
344
543
195
335
436
351
227
121
781
489
231
595
281
134
238
107
574
116
366
518
