300
426
255
302
299
282
187
263
92
289
340
121
178
270
388
224
180
159
234
148
104
231
236
201
133
126
218
293
209
419
96
327
180
255
237
152
130
266
274
195
188
223
236
204
228
181
206
347
190
275
261
120
187
219
224
177
154
212
169
267
162
286
192
195
158
287
194
254
268
222
404
329
260
150
184
315
319
433
155
178
197
127
103
164
236
259
223
115
289
220
193
206
254
260
218
211
229
122
295
132
215
314
270
232
350
124
276
429
257
213
392
171
172
160
199
420
177
336
307
285
180
147
200
191
237
224
194
168
233
263
150
376
416
209
135
268
159
262
227
223
310
286
301
258
246
220
223
183
195
158
132
162
102
227
178
214
271
292
291
111
346
353
299
333
247
216
318
539
256
231
246
193
377
333
126
468
231
149
166
345
264
242
312
298
139
101
378
249
151
164
233
164
234
242
209
141
208
471
162
196
249
303
287
270
248
264
290
120
239
288
131
198
323
105
304
158
157
212
248
105
240
178
194
192
289
193
173
213
124
326
157
511
142
309
161
251
190
293
159
206
241
245
208
210
295
215
168
217
252
333
206
189
267
284
191
151
211
252
176
254
406
251
158
293
283
194
426
250
202
154
325
180
315
143
319
166
224
341
255
276
421
182
255
190
306
236
164
148
299
271
252
289
242
290
150
273
377
202
235
343
319
151
340
278
184
161
214
144
275
305
276
302
166
289
253
129
324
410
154
294
248
177
361
266
192
174
224
229
182
102
342
279
466
214
183
269
236
258
241
207
205
236
129
204
222
200
273
360
170
204
352
208
191
183
172
288
206
205
349
245
162
133
212
261
155
221
249
263
295
290
322
259
300
201
256
203
228
187
271
337
181
232
180
255
221
161
253
241
74
218
371
227
228
199
155
252
170
312
201
167
437
203
92
247
141
274
173
360
478
286
184
280
79
337
387
219
220
160
290
142
202
250
309
331
307
109
140
264
157
321
166
194
192
368
196
81
198
217
253
408
224
164
162
202
238
374
248
133
171
240
168
255
143
323
74
252
196
317
281
284
250
208
420
336
82
179
226
368
218
318
169
218
153
285
366
226
186
281
335
216
159
279
324
253
223
173
447
187
287
233
287
184
178
232
168
145
319
183
160
423
234
258
187
376
150
244
196
231
156
268
147
184
100
179
276
216
131
245
191
412
171
268
198
154
353
141
182
207
168
176
234
280
155
233
199
227
227
264
192
243
201
176
168
248
288
179
340
361
258
256
235
340
181
339
231
184
182
108
290
225
263
520
191
384
206
273
367
136
235
263
226
209
291
242
172
214
368
273
205
218
201
199
233
223
372
256
258
227
197
246
209
284
168
326
309
249
392
179
211
285
178
243
223
206
420
407
179
264
264
217
285
278
182
291
239
464
270
498
432
347
163
215
369
277
347
426
185
260
372
301
266
171
206
315
231
185
262
181
274
200
336
202
214
240
183
226
458
358
246
342
262
148
369
250
263
225
197
301
346
258
268
201
256
383
330
260
210
323
195
338
743
231
361
405
218
360
241
170
209
282
296
432
183
169
444
227
182
250
178
251
195
348
218
317
443
329
244
137
292
368
218
174
397
291
201
177
240
295
120
431
102
272
95
154
171
218
228
129
211
212
307
348
251
342
234
446
286
152
307
327
137
515
207
225
296
168
252
470
500
143
288
243
276
142
399
508
291
568
401
355
448
228
358
289
233
170
255
312
374
208
280
184
385
116
275
386
233
155
329
480
389
380
561
262
558
205
345
359
448
265
325
260
569
400
247
228
360
464
385
219
469
214
270
181
133
258
238
256
296
243
257
162
222
271
231
184
166
279
170
201
223
205
171
197
426
120
236
248
203
248
128
289
191
298
273
353
587
284
246
195
241
354
162
206
194
377
255
268
183
152
279
408
352
183
343
312
274
179
367
269
587
126
240
198
322
238
219
160
224
214
244
469
574
314
93
179
308
203
373
282
370
460
260
242
249
265
259
163
236
392
469
356
188
312
311
268
287
198
232
262
215
234
290
256
179
238
395
287
204
269
387
291
299
866
129
249
246
176
420
221
176
269
360
224
182
227
214
430
221
90
282
356
133
277
383
225
267
201
253
287
112
369
122
188
282
226
249
202
200
410
88
274
370
144
331
158
264
190
263
157
249
141
246
241
202
386
176
290
280
235
261
203
263
258
161
281
261
369
199
295
213
181
168
161
206
195
295
264
384
120
207
231
292
213
246
154
165
325
210
815
163
168
179
285
147
309
163
188
357
333
145
392
376
274
431
283
238
163
182
412
447
191
188
339
191
260
274
240
384
486
146
200
134
159
416
186
142
307
194
203
397
183
293
235
195
166
163
230
344
196
196
270
284
247
181
207
229
131
234
500
389
369
234
457
282
190
240
302
114
180
229
214
305
196
145
248
278
319
335
328
273
368
226
418
448
173
174
317
318
209
263
224
232
144
196
238
296
273
148
242
278
201
350
267
335
189
326
175
191
147
212
304
93
418
248
196
260
325
261
185
180
245
244
279
223
163
261
119
275
254
260
306
273
266
399
91
244
242
231
233
206
186
253
353
373
256
370
199
551
388
340
323
252
295
527
341
359
197
382
379
438
407
165
341
399
335
218
242
236
286
215
202
510
223
455
171
202
162
459
243
266
302
332
250
199
482
493
265
155
314
282
340
175
211
234
307
258
339
196
185
304
367
340
304
249
286
295
233
94
246
206
279
278
213
290
453
366
167
344
256
351
202
237
423
255
476
242
251
305
115
317
291
309
226
88
405
162
322
408
311
298
352
291
368
615
301
266
303
415
136
425
344
357
225
216
271
325
251
151
274
240
364
256
175
187
304
249
167
146
383
325
209
243
228
392
283
158
376
165
250
240
235
164
415
257
259
218
174
388
263
278
284
266
153
296
247
249
164
326
184
224
368
182
260
149
114
190
257
170
292
383
237
373
422
361
335
291
339
402
379
387
335
281
286
180
460
579
237
368
218
316
284
255
184
316
444
589
334
225
236
616
233
272
258
352
238
190
256
308
236
413
317
334
384
210
244
189
425
359
223
137
124
313
166
348
175
211
247
169
294
302
307
288
318
227
378
180
231
238
616
402
592
657
789
910
320
334
315
361
259
207
268
207
247
284
337
414
261
165
153
293
229
253
414
208
162
208
375
350
175
229
262
455
157
201
182
224
393
322
414
404
203
229
269
172
311
362
157
164
245
237
226
386
203
381
192
102
398
333
259
387
407
163
357
142
176
168
374
154
303
249
174
243
363
228
394
355
558
224
258
234
255
247
280
691
600
321
207
343
312
299
538
389
314
218
248
259
299
356
309
200
299
311
601
620
133
234
268
248
336
251
142
124
252
201
560
327
160
179
358
282
234
240
246
241
309
335
500
203
239
147
332
269
262
598
182
219
260
378
247
174
201
272
261
287
227
158
328
366
216
110
267
240
321
298
409
235
577
246
301
188
224
211
147
206
311
240
414
161
216
331
156
358
328
247
166
219
185
229
227
185
248
321
271
183
228
287
227
279
165
386
265
256
275
155
231
233
237
382
296
197
261
328
221
260
265
149
347
181
182
196
286
235
282
307
287
245
263
293
136
286
211
430
167
277
628
245
225
778
218
520
178
510
336
179
299
313
466
273
225
348
286
338
204
286
174
181
291
230
239
231
125
373
614
247
132
389
175
406
107
316
302
164
192
230
240
129
263
231
221
107
329
231
231
275
300
251
334
93
292
327
349
277
351
311
281
261
260
228
186
383
210
408
273
192
132
294
163
177
183
182
345
287
218
295
251
329
227
216
352
206
209
252
178
319
204
313
140
213
194
207
162
192
256
277
206
225
281
184
161
455
231
310
230
245
331
162
186
214
187
128
116
274
192
319
156
432
248
199
161
224
213
292
350
206
297
123
180
267
341
192
335
160
231
351
311
237
193
230
208
144
282
242
279
243
295
278
238
498
320
248
329
197
154
281
366
298
232
272
280
200
165
211
183
138
529
326
209
206
333
305
135
180
249
243
392
113
264
255
383
209
183
259
212
227
350
165
193
258
266
209
215
266
223
181
268
286
136
212
189
190
296
267
210
215
276
153
294
230
333
255
186
196
257
248
173
354
195
261
162
224
389
164
207
175
243
241
186
361
163
349
214
162
217
183
102
161
378
238
289
285
276
142
202
295
176
315
191
307
166
196
265
318
236
233
363
223
205
280
184
164
253
280
305
314
288
198
336
275
166
510
122
344
90
267
148
441
233
164
244
104
219
312
196
259
249
867
233
251
301
148
206
136
293
192
293
338
234
102
184
240
239
193
193
147
180
316
241
250
286
241
153
336
143
274
151
342
416
183
201
171
145
230
170
401
148
194
198
276
132
240
214
184
202
340
479
209
289
325
323
80
331
219
182
135
192
300
201
204
193
142
289
292
197
407
198
286
334
143
174
239
317
307
145
184
273
342
173
214
245
234
122
326
400
165
297
268
194
298
302
303
277
319
206
152
271
249
243
178
254
220
168
284
286
253
280
252
239
181
227
291
241
313
238
378
105
240
195
260
175
212
255
399
329
138
391
299
235
151
360
259
263
167
156
169
168
111
194
182
262
143
158
305
243
274
121
236
183
175
190
161
144
523
146
262
134
168
393
236
143
415
283
190
166
175
270
358
382
231
126
177
219
277
379
353
140
266
191
215
350
245
295
85
172
186
221
275
347
199
225
185
221
110
288
290
298
182
306
177
176
545
280
170
247
313
214
155
368
263
266
264
196
549
250
520
460
275
222
194
147
149
242
238
208
174
229
108
254
216
198
429
182
248
225
197
190
139
196
351
255
234
208
160
473
223
196
89
495
175
325
209
170
234
265
292
324
214
177
182
302
271
199
208
163
218
355
265
333
257
113
157
275
258
173
209
189
214
157
213
425
259
259
246
217
436
177
149
196
206
283
103
318
177
455
313
216
175
196
186
224
247
243
279
239
241
171
235
195
202
217
178
281
187
141
164
218
260
174
198
281
206
280
246
161
278
280
155
389
220
373
582
231
306
201
340
171
417
286
156
310
300
336
354
245
297
183
615
161
219
195
322
385
285
161
215
201
179
389
397
402
238
212
370
203
200
171
376
337
251
408
241
275
249
367
216
289
275
422
202
182
351
257
367
205
377
142
271
150
330
209
307
350
365
267
187
297
180
201
290
318
177
183
298
177
234
185
185
150
228
349
229
172
221
157
314
255
255
200
180
228
264
301
233
133
172
202
299
338
172
296
406
229
231
245
240
164
174
136
275
226
153
295
180
246
433
118
227
99
123
662
259
392
270
248
244
275
160
308
170
351
238
274
239
235
269
284
154
182
224
172
185
307
296
333
252
398
427
254
174
184
230
196
278
213
187
245
269
229
186
212
263
340
250
289
206
446
180
197
360
153
325
328
266
270
234
165
323
188
222
253
152
252
262
255
180
177
292
305
193
184
169
185
187
316
233
182
203
311
261
301
204
186
340
362
228
258
92
247
288
227
200
203
188
180
198
149
225
384
223
148
173
130
236
400
178
190
379
198
170
159
228
181
547
253
248
284
179
242
177
248
170
315
154
370
197
190
293
288
286
156
231
254
149
175
296
271
419
329
237
188
287
276
272
146
262
202
148
257
221
257
206
281
256
392
170
176
286
187
182
279
210
183
303
374
249
213
168
155
273
133
256
173
202
188
272
382
224
223
352
229
174
222
179
236
511
193
199
218
221
184
167
265
262
128
193
460
260
253
282
466
256
174
223
260
181
368
452
155
268
192
255
83
165
263
216
209
489
258
191
207
311
228
266
172
167
196
281
227
129
204
387
246
374
291
195
132
520
391
339
128
285
305
218
136
256
226
487
197
201
131
228
217
219
291
290
132
368
244
162
248
224
243
262
244
112
291
135
284
104
113
207
287
225
217
169
237
574
277
249
270
208
191
188
152
173
265
357
260
233
320
447
215
143
245
258
107
195
186
360
285
331
211
230
251
173
253
182
127
199
308
176
326
312
215
180
186
253
396
280
179
294
192
296
334
264
105
194
294
202
214
316
466
129
202
301
136
314
152
292
184
169
371
304
137
219
345
141
303
302
107
237
365
303
260
228
524
227
222
161
207
191
247
293
178
212
271
164
316
792
182
253
218
212
288
147
340
194
160
263
249
111
181
203
246
292
139
211
431
102
224
200
222
447
282
239
179
179
211
288
229
326
208
189
157
294
249
196
211
163
170
316
271
341
276
348
149
182
555
135
204
195
303
187
227
319
177
231
203
270
127
317
380
238
219
256
137
292
208
217
177
285
253
166
159
165
216
312
186
183
145
259
244
309
339
134
569
240
225
136
215
259
102
215
461
343
210
198
471
362
278
243
261
170
379
496
214
293
80
192
244
244
195
390
272
92
343
344
118
190
202
177
196
214
218
224
193
178
202
275
248
349
211
297
154
165
256
183
293
229
192
479
280
303
174
172
189
244
176
146
518
270
335
290
209
259
160
245
304
146
207
256
367
174
266
204
166
108
197
256
149
236
363
240
450
282
249
218
423
472
134
265
199
327
303
178
379
251
241
181
218
181
310
275
264
239
187
314
206
177
301
219
284
171
271
202
219
209
307
404
163
202
241
116
102
225
207
342
152
347
256
258
159
207
165
231
212
278
194
152
171
252
331
189
339
321
489
148
292
152
425
232
285
192
227
464
136
341
177
203
187
213
200
257
195
150
177
372
277
176
255
161
148
267
334
256
280
277
279
151
256
238
263
252
179
201
385
286
272
223
297
247
262
157
452
191
278
171
291
264
236
204
439
185
338
489
210
192
210
209
281
301
157
177
209
486
461
149
291
232
194
506
146
277
288
389
220
79
347
229
254
255
252
263
139
186
433
202
125
199
193
174
393
169
356
255
394
226
271
254
159
363
291
253
193
198
256
99
210
195
210
177
195
212
196
142
237
292
213
184
409
153
259
212
191
198
340
186
130
406
449
177
183
215
193
502
171
317
262
144
246
155
216
213
246
310
220
169
128
185
213
203
336
178
508
249
250
229
330
274
138
453
180
194
249
244
180
275
194
172
187
142
287
250
234
276
169
287
210
454
167
314
380
239
172
241
195
264
257
177
222
461
180
155
330
325
479
191
286
354
469
285
453
175
345
128
259
201
187
202
204
507
293
287
276
158
204
191
261
183
376
132
271
306
89
219
283
210
323
320
240
369
161
196
308
245
287
168
164
240
188
627
162
159
293
205
616
311
307
144
498
320
225
150
202
176
258
163
163
179
234
211
239
190
181
122
289
194
248
277
152
327
230
217
194
294
259
181
225
174
183
210
189
131
182
166
196
195
186
237
192
200
367
244
191
142
230
125
334
218
175
182
213
221
247
185
179
195
158
222
168
212
391
100
215
112
332
140
175
133
212
377
453
383
228
180
202
107
304
277
253
166
249
308
395
169
185
205
319
218
283
284
396
255
265
109
245
203
169
207
260
231
162
206
400
172
415
187
316
197
183
152
178
238
167
196
216
244
215
142
302
144
203
192
206
209
226
350
424
227
455
235
245
278
183
281
242
227
237
322
355
372
138
322
152
239
169
161
250
219
474
179
309
151
211
180
231
181
387
182
173
432
280
153
136
192
189
195
336
132
155
340
254
197
403
241
276
360
185
425
207
306
241
241
131
376
143
343
147
173
149
326
199
279
289
94
243
237
151
208
156
251
261
131
214
213
333
104
284
206
241
104
329
304
217
321
329
178
352
359
271
221
159
316
167
572
150
160
279
354
164
221
162
512
187
308
316
387
142
215
396
307
293
216
193
210
254
189
242
225
283
363
342
244
168
189
282
183
161
98
217
218
335
239
164
195
181
91
142
257
77
193
125
263
235
319
297
358
248
516
233
144
162
357
334
88
275
321
305
304
395
298
228
418
404
170
199
187
199
307
182
181
216
232
184
187
206
127
216
390
221
178
250
142
225
282
303
247
184
186
261
149
258
179
188
368
137
222
144
171
132
226
180
140
297
237
544
416
243
370
85
180
236
227
108
248
223
205
169
230
356
137
255
223
326
415
173
231
422
256
166
181
157
299
247
223
232
295
248
504
236
168
250
193
319
207
315
298
217
155
273
149
238
383
156
331
157
213
215
215
209
186
163
268
183
224
143
149
140
208
230
194
209
240
357
202
175
425
153
173
259
187
214
233
190
190
280
401
184
157
186
176
220
269
268
270
159
143
421
182
248
158
188
351
143
192
109
209
247
147
289
214
219
134
78
192
192
249
238
134
151
243
611
238
146
262
106
168
272
169
171
100
221
262
164
153
242
314
291
227
289
298
267
178
81
268
259
214
297
189
185
104
305
242
137
206
199
277
259
130
186
292
272
400
232
149
226
203
186
218
146
206
153
301
201
169
129
174
133
147
131
212
144
413
156
172
141
137
130
237
146
248
223
309
203
170
175
207
207
123
247
135
218
370
164
236
306
147
154
197
188
129
247
161
292
158
132
132
80
196
252
275
249
148
131
360
197
149
200
184
206
205
218
141
240
329
193
175
139
174
194
157
135
404
164
153
207
127
434
219
203
346
173
220
167
74
183
204
152
154
181
191
196
328
197
164
149
190
251
182
233
151
168
147
122
347
160
191
307
193
128
135
153
404
228
263
271
301
300
206
224
281
187
190
329
139
285
284
274
134
148
232
153
171
327
220
200
214
211
302
172
191
250
338
158
153
92
181
252
183
202
163
200
115
359
225
205
164
170
401
249
204
208
165
264
153
251
217
239
144
216
232
224
210
201
182
227
153
280
171
211
186
321
147
366
457
394
137
179
157
190
135
159
183
181
107
279
150
162
143
313
273
405
157
300
237
422
136
291
112
188
104
160
181
195
159
352
270
299
275
194
135
196
170
230
161
139
254
205
163
146
268
160
175
185
204
189
277
207
235
128
151
192
211
177
152
230
153
131
205
147
224
165
107
141
222
138
245
144
202
177
172
207
193
198
162
136
364
160
233
161
251
119
297
171
227
194
221
437
297
273
314
157
206
205
236
222
142
361
164
286
217
98
118
309
172
119
178
227
234
162
144
171
139
339
183
253
247
158
161
157
199
320
211
212
251
199
148
164
190
200
145
214
164
287
241
230
148
218
178
138
251
170
178
280
311
279
199
205
141
169
200
129
192
130
220
291
189
279
254
146
162
289
266
132
211
291
